1000 10000 460
49 244
422 227
691 250
499 902
595 788
508 10
315 152
491 44
935 986
254 763
251 392
662 437
444 734
786 402
117 864
816 987
573 155
240 903
511 924
269 311
406 644
691 136
207 345
453 214
637 689
569 841
330 552
472 9
275 779
10 252
702 211
998 656
250 69
130 513
725 261
839 890
96 226
890 221
689 879
200 574
837 537
258 285
849 745
777 127
124 43
453 899
731 793
85 889
165 947
447 168
185 748
15 944
939 62
785 884
342 295
97 475
990 538
818 813
523 263
515 947
561 415
564 296
638 166
796 612
241 868
131 175
118 235
553 600
195 106
361 158
689 298
175 295
53 741
518 202
677 115
293 338
462 323
395 904
778 330
480 82
971 653
430 809
574 951
347 128
979 682
537 621
971 424
544 796
834 933
634 213
453 215
385 761
661 550
43 505
964 703
374 814
318 55
470 60
208 104
959 88
535 890
468 31
697 369
858 268
627 137
182 263
612 978
889 749
868 897
964 443
662 946
190 650
756 303
521 131
166 16
264 1000
47 960
539 212
40 100
855 494
158 255
83 321
43 461
453 909
359 693
362 537
621 879
164 583
192 266
452 511
446 58
176 739
762 558
163 282
734 743
528 726
256 198
575 726
651 984
551 643
162 168
721 541
574 539
733 139
136 394
57 793
924 880
960 80
376 675
135 265
994 680
863 379
634 393
14 779
30 69
475 893
79 709
714 339
45 1000
699 800
959 964
441 69
708 70
728 582
122 781
923 490
463 688
458 946
449 842
151 492
591 263
849 651
844 992
462 12
340 973
658 654
816 744
646 617
960 715
308 741
148 448
714 335
739 859
840 731
418 958
372 840
283 971
39 431
470 678
275 176
360 326
432 445
487 495
829 705
490 854
882 269
547 490
643 691
254 442
450 497
601 7
129 450
700 826
494 952
389 292
545 928
946 854
75 889
954 901
268 350
471 819
318 228
319 634
274 54
683 774
211 532
179 278
451 835
713 538
750 178
115 349
844 162
340 604
221 127
415 449
204 868
544 693
343 138
40 853
364 753
223 355
256 799
620 631
591 946
433 154
284 929
693 211
52 903
838 857
529 789
281 661
590 908
271 328
531 323
794 354
743 72
613 12
404 489
307 977
638 335
954 794
210 713
15 277
113 5
662 804
25 300
479 49
122 140
634 738
77 318
507 578
182 5
226 674
6 663
873 145
63 430
150 418
604 792
377 16
74 381
816 921
754 297
321 452
652 63
233 36
501 419
534 144
155 98
608 757
984 496
616 365
809 36
381 25
199 534
217 561
65 652
750 144
144 860
132 244
936 217
960 731
919 260
545 667
304 598
33 710
453 137
8 141
992 479
42 635
236 711
883 916
361 343
984 177
155 349
640 719
415 647
943 523
649 735
568 837
537 554
790 506
75 170
951 350
329 323
841 742
355 823
105 735
426 335
445 834
795 352
864 149
92 595
438 619
651 115
556 127
428 878
964 834
768 669
139 910
308 997
293 870
894 282
21 872
607 120
325 306
171 644
336 240
913 618
1000 376
262 764
155 75
336 244
737 215
479 262
135 382
405 610
137 87
769 520
196 342
653 715
725 990
236 108
582 318
278 104
816 736
624 372
804 7
515 970
405 264
825 820
263 799
857 207
586 811
128 467
810 699
9 108
62 655
49 173
342 859
621 56
839 342
397 834
470 76
998 979
887 328
191 138
612 740
140 50
891 538
327 912
714 342
207 132
172 947
85 343
858 801
918 624
680 423
370 748
514 609
193 778
443 881
610 177
475 361
711 927
84 482
123 2
870 194
179 680
977 287
654 330
617 513
859 417
223 518
23 918
820 239
145 14
415 343
852 464
15 936
752 90
904 291
757 821
563 731
873 815
902 164
975 894
14 570
84 991
302 894
852 642
615 685
170 938
668 509
493 361
732 385
564 423
384 625
291 475
841 743
971 111
309 955
479 711
706 568
326 852
843 714
416 152
414 435
243 392
801 190
375 110
432 870
737 258
136 672
864 831
144 448
303 903
823 153
908 466
704 558
617 414
327 537
576 418
267 405
21 33
604 611
949 799
103 942
446 420
58 729
918 13
764 111
702 737
857 657
937 555
962 857
470 302
362 956
166 543
681 549
723 970
259 338
206 595
971 142
782 310
837 638
186 851
822 728
522 18
868 845
9 867
763 197
357 415
880 476
991 947
425 505
895 473
267 834
274 436
893 453
481 450
785 864
794 68
300 980
922 800
543 726
371 901
748 178
534 846
194 631
598 340
208 586
674 843
291 780
704 299
398 898
741 70
722 435
759 181
117 520
412 65
842 176
275 181
727 217
971 800
511 372
134 188
315 168
228 424
692 84
669 921
694 219
83 792
480 445
853 21
916 270
419 413
162 107
64 723
694 546
225 522
265 663
438 284
234 433
502 750
771 248
914 654
722 929
746 12
891 303
992 930
912 475
637 277
526 965
616 685
757 60
614 136
668 969
704 664
617 892
292 246
5 59
178 446
35 411
898 58
465 270
845 689
193 218
873 904
707 297
979 90
295 832
962 33
829 294
739 545
573 916
482 487
781 519
553 161
159 89
437 197
931 453
601 165
633 172
806 399
610 561
626 56
188 218
974 492
768 781
786 147
503 599
323 303
711 916
38 829
746 128
976 568
114 810
831 140
569 57
331 541
553 768
176 182
540 377
52 656
266 224
519 606
373 333
188 787
356 612
694 125
449 514
372 595
557 212
828 47
935 616
122 366
805 396
500 423
643 201
151 758
20 155
923 55
890 991
560 852
566 202
514 588
93 172
817 76
995 78
723 393
608 861
424 583
113 256
636 799
5 498
409 199
631 868
817 41
367 410
921 643
314 958
908 125
872 330
220 677
731 540
926 952
983 623
599 100
576 455
288 59
901 503
296 729
628 91
845 411
640 383
153 99
925 444
127 159
231 407
458 584
613 143
111 799
101 111
717 255
41 969
429 352
383 65
997 678
450 162
86 591
260 524
727 981
183 619
22 793
568 28
992 962
314 565
371 139
539 497
74 400
796 613
423 110
259 722
122 125
984 649
720 609
955 504
374 642
108 282
834 516
436 763
708 283
476 613
303 9
833 560
72 652
553 888
394 258
881 895
35 810
854 974
296 227
584 64
85 526
623 125
205 220
424 545
765 970
552 99
488 495
623 609
223 586
993 695
771 416
306 327
367 704
638 695
890 478
424 100
749 650
836 908
593 605
489 447
44 689
625 298
598 334
807 433
697 964
912 519
955 871
103 948
780 415
188 133
239 324
717 352
659 590
83 789
996 192
892 345
353 928
729 439
417 259
840 830
336 950
867 593
741 758
763 428
520 383
956 372
478 959
568 555
868 92
986 826
195 655
382 81
301 416
132 906
54 191
229 810
345 477
948 363
885 158
324 744
954 257
195 895
6 951
81 996
340 588
137 329
328 262
462 97
574 357
446 751
185 146
457 373
258 696
451 568
401 681
716 192
976 873
275 469
229 795
949 216
219 835
931 300
744 806
530 368
673 413
421 415
982 60
538 785
92 629
299 23
791 661
784 654
455 512
410 825
946 376
845 928
853 150
412 542
364 929
34 538
342 710
620 46
524 820
871 970
603 643
709 655
343 729
848 35
724 795
165 15
375 225
914 858
540 313
602 677
377 373
832 494
914 710
184 720
849 422
395 522
675 453
701 864
805 322
509 745
576 951
591 552
467 410
367 952
223 103
691 796
633 41
618 257
197 859
454 368
916 761
166 5
540 33
677 850
327 121
241 290
376 812
616 269
974 894
520 337
391 38
182 911
759 339
102 492
740 945
167 726
628 76
719 40
670 714
921 747
595 880
193 104
862 819
2 563
573 270
127 151
178 504
48 583
154 263
65 771
993 121
782 395
729 617
232 621
288 606
278 224
528 351
781 103
445 694
984 925
189 894
544 597
112 993
106 700
290 630
543 47
550 848
927 966
848 679
53 396
389 43
603 373
515 75
526 116
507 172
601 807
341 608
701 521
168 848
835 333
302 644
220 313
121 145
429 12
12 948
378 104
422 482
86 597
745 885
542 267
774 141
331 121
626 963
871 85
41 907
227 778
335 631
805 899
77 664
342 685
540 927
126 665
730 289
308 750
957 995
837 351
488 486
888 420
177 785
979 640
574 87
123 760
522 728
559 227
920 832
325 297
697 630
680 542
763 909
110 208
817 451
845 870
181 774
427 286
949 804
517 393
375 459
267 591
510 794
742 430
533 829
714 112
101 488
600 280
486 548
69 636
715 318
330 934
499 594
751 303
339 63
285 970
205 733
86 79
84 414
716 551
980 229
268 887
177 92
167 654
413 694
873 507
977 783
12 758
908 837
692 688
9 932
15 487
858 756
653 434
36 282
990 402
824 7
223 680
853 481
78 656
279 676
147 186
927 952
473 431
305 592
209 935
380 685
639 637
616 772
7 911
44 673
568 43
881 907
549 760
188 895
326 32
667 41
950 172
574 763
608 39
936 354
552 540
240 802
444 238
433 987
958 608
125 629
557 173
465 259
513 706
42 381
63 862
150 470
654 891
44 652
569 697
565 996
154 845
560 423
713 209
858 977
552 674
240 752
846 89
561 828
802 964
819 249
387 619
177 719
113 466
418 525
261 453
95 74
33 426
129 32
277 135
666 823
172 713
706 761
906 231
928 758
393 245
551 809
768 693
606 870
345 863
368 365
314 330
826 555
77 577
163 110
695 393
268 1
832 268
913 379
870 860
152 278
566 516
5 886
663 182
393 848
526 268
833 240
22 230
516 627
65 575
812 549
996 498
534 600
65 169
532 225
403 959
60 917
972 374
121 869
454 822
292 912
342 103
908 11
199 343
734 912
636 856
939 911
564 916
465 142
389 968
876 798
594 541
75 889
215 695
545 932
758 529
174 854
817 185
831 955
81 779
362 970
770 667
415 532
343 419
460 38
639 819
153 80
349 741
262 610
380 705
883 517
582 903
161 569
565 486
596 802
387 461
229 200
913 665
159 103
543 666
800 751
788 882
846 396
720 324
675 72
298 725
480 757
958 71
108 221
264 618
153 547
303 604
707 220
807 852
599 474
692 539
243 375
638 75
703 588
672 114
7 678
63 508
979 879
949 590
636 825
953 436
627 717
14 850
336 838
282 38
836 441
234 188
742 859
276 617
444 365
805 129
167 71
776 76
144 975
533 841
907 353
362 202
754 280
213 259
877 584
828 270
737 455
334 697
738 819
910 469
395 889
689 739
332 258
452 943
842 488
802 671
828 590
594 814
913 371
768 155
65 492
159 283
173 108
653 128
126 459
889 419
642 567
28 637
934 624
870 958
323 43
946 621
458 378
151 388
372 936
344 165
293 803
111 539
261 956
438 758
16 502
393 261
429 968
907 347
937 741
415 784
472 103
22 970
626 384
475 260
708 662
770 167
706 456
629 366
696 615
671 531
92 941
538 111
77 652
837 958
20 513
642 839
442 50
585 357
551 177
603 777
240 448
828 536
168 437
144 113
390 966
646 582
802 898
83 599
60 231
964 278
885 532
458 258
577 855
878 427
713 630
799 920
738 631
701 942
837 950
959 594
887 251
465 646
706 157
670 910
948 444
510 369
735 401
475 125
795 579
750 471
793 667
789 809
950 270
827 537
973 640
671 49
973 766
949 989
721 701
321 296
547 899
601 527
953 182
2 408
724 882
343 57
886 108
433 136
217 186
321 775
372 895
875 82
485 75
563 79
176 387
23 577
786 935
963 515
46 485
98 472
419 553
40 673
54 205
73 465
594 381
979 789
251 778
450 393
335 139
15 881
514 992
839 276
116 599
967 950
258 895
987 141
264 151
640 349
469 886
242 90
62 777
254 207
784 539
83 665
170 671
466 447
65 705
698 360
844 51
403 812
336 537
253 735
938 735
699 106
271 336
897 14
823 967
946 898
354 613
774 771
308 53
546 497
763 408
497 531
261 919
172 780
782 646
147 860
761 91
150 651
448 637
759 201
834 976
49 493
716 932
171 859
594 67
466 20
999 835
354 135
504 987
199 923
171 477
128 895
710 77
719 931
119 750
691 894
34 149
810 142
513 783
876 991
389 83
462 442
409 878
850 751
738 80
570 644
904 534
579 280
712 733
167 525
123 106
569 460
125 273
50 562
198 365
394 983
181 155
212 451
534 885
197 18
518 195
972 446
464 749
532 745
320 373
903 52
858 683
947 217
994 583
482 684
477 272
670 404
110 263
938 322
510 319
537 240
602 877
661 262
730 852
401 541
329 22
348 10
370 293
852 841
300 14
519 919
710 671
418 24
453 45
880 528
700 566
439 750
532 952
394 624
493 558
135 882
553 373
265 218
402 505
735 985
874 25
814 391
659 68
709 312
896 725
803 652
907 470
747 876
850 175
641 855
634 28
81 327
115 205
323 958
717 480
453 377
267 511
335 277
628 607
295 743
28 92
435 894
170 374
554 724
21 734
120 398
632 940
482 819
421 413
628 796
753 640
265 696
710 30
174 247
542 158
550 604
247 501
237 402
408 888
556 841
532 722
998 111
725 585
746 853
517 379
777 627
190 537
977 35
526 253
236 871
366 147
897 536
440 667
113 309
523 640
646 61
2 84
770 12
218 252
360 413
749 136
401 956
597 77
748 893
942 948
276 605
303 985
456 157
279 254
828 158
73 490
863 81
304 204
64 393
653 462
951 595
273 211
825 971
712 17
54 127
160 970
689 713
129 275
385 951
688 337
958 15
886 767
600 757
577 781
377 73
135 636
919 583
354 208
175 8
125 209
446 988
473 36
932 227
748 918
808 407
774 578
155 12
852 257
275 792
439 151
253 714
368 625
594 374
980 388
677 647
432 756
206 246
566 623
838 138
585 752
966 613
419 145
102 748
858 585
520 933
140 797
60 84
299 137
602 532
262 919
355 251
772 180
850 367
233 593
285 650
688 50
120 872
186 949
736 236
969 398
696 469
275 31
201 554
637 957
866 607
722 6
508 515
977 798
381 231
345 22
363 5
339 199
519 396
808 384
412 505
459 21
819 303
490 207
971 3
742 112
824 435
551 905
612 484
850 992
211 434
640 855
47 905
719 667
177 204
434 565
686 924
101 914
993 461
789 554
448 32
421 679
59 766
542 120
779 232
916 577
248 779
887 354
242 536
415 989
555 289
990 388
302 319
443 745
689 241
678 677
343 437
513 299
325 331
600 436
468 761
108 332
454 575
806 847
155 66
851 575
541 194
183 120
433 259
945 878
916 641
711 75
796 550
915 186
829 245
329 461
120 866
945 933
691 429
15 518
897 516
122 252
65 998
122 259
748 770
69 627
531 972
403 202
230 460
518 195
66 329
593 934
630 770
890 675
433 106
944 33
79 335
160 753
404 491
274 101
579 481
98 750
368 265
832 480
27 661
599 810
240 82
295 580
511 203
21 953
604 578
805 649
387 383
379 181
516 480
159 756
66 432
920 409
928 425
665 879
467 986
172 161
506 301
560 665
143 37
506 565
63 984
289 758
341 266
919 461
539 207
672 652
120 556
808 530
837 771
640 893
390 582
534 352
71 43
393 320
318 647
839 399
140 418
650 675
855 431
835 898
77 247
889 378
922 445
413 833
489 205
508 222
471 335
303 365
26 996
404 421
955 600
530 364
250 407
190 484
947 603
965 114
14 884
921 968
930 108
591 843
608 392
805 677
749 960
690 304
738 329
129 657
483 839
436 251
783 188
109 954
736 705
775 397
144 302
829 663
370 98
630 319
977 98
631 623
675 984
323 28
148 281
475 16
17 781
339 636
337 801
48 187
477 520
662 550
280 151
661 503
266 460
551 221
657 457
762 151
449 684
223 567
507 208
651 962
788 731
555 416
468 804
229 612
666 130
451 435
53 728
898 918
812 216
908 934
525 76
728 472
472 807
539 443
315 881
631 114
556 671
913 516
758 599
870 996
991 706
754 104
353 355
638 222
623 380
235 11
946 782
297 247
553 943
82 158
82 534
146 475
998 231
841 147
657 149
810 967
100 399
753 534
105 134
215 532
223 512
221 235
459 74
552 369
401 484
455 850
947 919
737 467
117 208
506 540
849 401
672 655
312 911
508 281
238 451
101 578
33 59
935 259
295 833
466 582
856 742
503 507
151 746
283 86
871 652
213 780
610 753
175 955
459 661
744 556
916 840
358 652
108 287
626 45
841 57
866 818
574 938
573 851
512 22
554 360
853 492
181 937
681 604
284 105
686 76
618 173
697 275
50 233
163 517
720 497
592 543
408 571
988 63
250 53
632 852
293 938
304 61
329 696
50 413
990 765
109 937
924 406
510 643
411 79
553 115
272 811
961 49
460 683
75 374
352 794
426 19
911 913
904 733
464 89
131 96
206 946
45 154
530 828
553 168
343 832
82 518
302 855
812 548
794 191
480 961
74 350
76 772
564 509
336 669
519 519
679 207
215 680
958 900
107 704
731 415
421 834
371 464
436 265
103 674
645 56
469 886
53 777
570 542
993 17
607 999
832 648
83 352
628 877
284 240
230 606
427 488
654 635
817 289
845 99
579 415
288 32
189 926
68 731
680 528
613 413
716 792
85 373
47 875
486 648
100 618
638 704
875 895
785 342
109 500
14 963
172 652
97 251
4 503
244 153
990 106
564 370
820 671
431 106
804 811
483 733
6 693
874 26
742 448
957 330
206 894
761 419
187 566
537 937
906 248
318 698
448 715
16 405
582 486
955 885
907 628
330 654
630 744
880 2
961 602
440 246
308 430
453 664
281 261
694 580
903 704
126 985
896 520
598 174
117 521
103 22
122 374
818 124
821 196
871 466
949 731
689 910
422 952
235 456
587 560
264 515
955 985
878 530
548 504
391 280
996 815
789 339
804 295
246 775
368 410
392 861
241 370
707 81
979 802
614 465
66 677
956 36
866 381
69 971
590 622
340 851
402 794
317 852
380 172
671 306
244 535
24 900
554 102
942 596
176 720
415 623
496 418
895 235
159 853
70 800
424 865
780 646
986 160
981 438
438 196
215 146
154 317
801 764
449 900
256 274
11 192
101 242
191 321
623 851
992 371
278 909
900 740
797 581
433 530
459 998
821 415
739 11
678 396
86 252
510 881
212 709
783 175
446 145
384 806
664 734
30 899
7 446
513 302
96 128
303 133
299 296
598 112
173 535
94 176
868 443
581 808
989 745
66 257
653 29
713 919
173 972
404 591
746 260
800 748
798 755
555 429
981 503
212 264
671 326
890 378
885 721
447 271
809 239
103 761
377 536
207 71
746 820
753 880
431 253
59 388
492 192
244 422
31 519
281 188
709 250
823 649
155 602
705 483
924 23
797 419
686 674
179 211
550 163
382 275
927 584
2 229
773 356
17 361
788 53
713 688
504 723
856 658
923 543
308 91
595 402
881 559
145 168
522 257
447 589
592 616
721 760
197 867
327 683
160 495
799 661
619 688
641 37
632 893
418 206
277 896
587 553
263 803
594 223
858 798
151 321
444 84
499 293
491 480
517 499
662 399
231 378
760 724
887 795
406 209
527 737
948 198
882 526
791 507
680 685
339 657
492 837
169 10
659 942
835 578
383 444
522 112
402 460
465 489
203 334
900 596
910 540
139 9
456 804
152 668
62 571
292 635
786 821
635 13
540 63
578 105
553 654
772 524
573 853
205 86
8 521
994 17
113 457
483 533
686 586
752 343
130 491
785 269
178 658
711 647
77 50
465 172
655 3
893 588
24 137
385 974
55 941
666 230
173 205
626 101
27 713
445 233
68 395
768 154
462 263
941 817
583 861
279 109
240 888
35 960
418 309
97 139
495 636
912 545
330 647
907 441
667 57
269 633
49 22
868 714
521 819
29 987
197 723
568 228
778 739
456 968
155 941
554 743
249 623
482 734
852 504
210 77
262 850
152 393
675 941
665 324
455 253
162 544
848 716
120 910
255 849
425 200
30 620
533 412
698 792
128 790
781 346
300 434
932 571
677 362
581 837
69 541
676 414
466 790
614 43
426 426
844 467
450 545
396 62
690 40
384 125
21 128
618 135
579 436
485 497
637 246
382 638
43 997
292 623
724 361
693 335
904 534
563 804
72 602
923 774
845 255
406 529
447 117
287 728
653 581
63 933
436 414
870 697
866 745
972 931
526 682
686 591
116 23
185 733
341 402
690 999
238 442
340 799
408 941
188 898
339 779
451 449
690 150
970 587
202 648
351 228
830 452
542 163
122 527
258 953
586 17
196 388
159 941
792 818
82 710
828 265
595 462
322 208
280 982
514 958
857 182
971 288
231 629
567 87
546 891
601 762
490 883
233 605
925 66
97 981
63 982
413 229
861 661
796 850
342 805
112 433
856 722
719 638
132 973
557 862
771 29
84 62
542 382
911 510
709 281
865 172
450 900
799 936
188 165
820 36
283 208
359 152
814 436
417 806
199 903
587 590
968 849
886 413
118 303
413 27
667 875
59 767
989 997
756 559
525 119
677 96
353 773
283 362
557 2
686 806
915 993
206 147
335 691
845 255
731 391
784 320
865 839
585 77
448 55
753 346
201 254
581 114
553 255
827 989
666 492
65 720
466 284
405 47
856 75
432 147
121 936
422 769
327 843
890 99
461 578
718 257
728 501
740 378
782 55
842 113
744 923
616 60
37 20
792 405
693 447
882 174
677 32
937 822
236 645
28 38
951 133
368 186
753 710
766 749
771 820
618 819
811 133
448 641
539 220
271 977
473 470
643 419
940 358
948 594
223 329
302 398
18 462
361 358
580 103
277 419
623 215
8 463
805 985
599 149
868 77
426 673
26 746
457 791
340 785
16 829
324 133
415 1000
497 548
721 151
116 812
485 644
871 814
399 520
584 279
276 617
574 13
450 277
366 685
797 546
716 727
972 763
410 146
705 341
33 4
636 375
401 210
314 959
449 430
803 866
44 61
322 510
499 753
268 543
18 144
602 253
541 718
90 112
473 73
180 314
770 311
494 338
269 560
793 889
955 277
353 532
797 185
536 987
701 890
866 31
70 753
771 613
407 874
264 489
253 540
919 49
999 665
705 100
939 515
668 95
148 167
91 874
654 802
214 772
708 645
780 768
331 194
608 197
76 611
987 435
84 932
171 83
504 573
302 713
94 542
288 862
280 791
602 711
812 508
937 51
323 939
152 444
274 624
184 22
306 255
825 195
762 278
948 528
373 149
220 465
400 636
205 442
181 22
811 676
829 18
930 371
95 87
527 579
489 845
588 403
551 343
284 167
173 216
364 431
235 389
635 668
803 962
319 394
591 427
985 299
374 84
647 512
51 477
611 805
318 54
26 824
791 874
231 914
247 957
720 777
754 895
489 501
507 932
527 360
506 557
490 862
62 322
731 464
739 699
935 819
937 485
727 300
577 345
965 601
94 630
943 674
451 546
536 719
894 423
973 916
3 868
315 520
212 238
67 693
353 770
699 703
515 153
137 595
619 255
779 920
523 106
322 274
587 514
913 254
249 702
321 93
664 707
604 421
422 877
929 783
296 445
50 429
633 471
397 467
258 59
821 812
335 448
53 194
728 1
957 298
257 367
640 320
214 58
897 108
970 118
844 743
664 846
100 93
701 122
657 802
811 494
840 589
392 696
243 464
115 285
896 792
770 609
224 578
159 196
88 916
216 49
870 479
648 879
705 767
759 428
931 833
628 478
697 590
653 880
998 132
407 828
366 905
641 277
667 500
247 614
460 133
85 850
525 810
832 464
349 638
388 612
814 52
290 385
846 351
552 224
624 704
270 950
479 392
792 12
539 716
579 303
698 353
722 519
674 827
360 611
885 445
200 536
512 493
344 450
238 489
815 787
726 183
956 81
787 403
779 569
594 572
460 442
984 190
961 28
837 172
478 364
305 488
480 679
346 44
440 789
994 811
150 899
323 75
244 808
113 73
288 584
503 961
157 726
64 422
899 717
27 579
223 711
877 871
369 933
981 564
231 624
482 265
8 691
751 8
77 428
5 39
567 906
308 982
866 901
297 559
614 602
211 889
78 959
281 416
62 649
842 208
810 352
245 234
807 23
722 920
372 802
115 371
820 480
867 939
831 472
791 934
908 82
275 962
886 660
319 584
359 748
990 680
321 98
583 868
756 417
716 838
849 275
418 507
105 700
466 586
67 254
344 389
244 835
858 577
966 622
780 45
463 377
302 533
1000 20
740 450
323 304
217 417
426 188
727 547
879 39
204 166
632 315
523 818
669 595
487 44
768 493
117 838
640 913
722 35
300 19
885 527
498 212
610 872
947 916
960 359
29 658
47 988
944 652
443 880
426 64
216 407
368 506
805 940
602 808
15 486
918 733
125 946
273 791
365 748
311 428
472 858
973 833
189 764
864 331
581 124
500 877
413 131
681 969
318 113
716 2
537 972
657 805
449 871
936 331
494 2
963 322
772 1
640 577
469 168
983 652
272 350
688 85
474 432
891 758
555 639
331 806
566 913
937 705
734 702
228 623
831 339
898 952
972 234
626 799
158 9
565 95
810 639
851 835
142 143
174 985
330 984
478 85
454 9
159 78
471 871
759 984
388 922
394 132
678 629
78 457
728 590
195 781
676 738
470 195
631 864
376 451
502 943
284 696
596 815
670 490
228 609
768 892
993 551
154 787
552 292
995 927
327 318
543 919
460 919
295 472
173 987
911 55
747 365
696 211
166 106
328 349
423 279
518 734
336 574
754 920
243 375
322 168
261 392
858 313
540 91
124 807
783 808
545 606
629 451
842 666
364 373
939 856
866 865
958 815
549 701
1 998
379 602
626 558
747 354
813 200
279 53
358 108
264 347
458 166
515 253
3 470
790 463
521 290
468 461
75 675
885 610
606 10
469 392
667 808
767 986
691 444
208 319
526 416
628 340
930 966
468 909
545 922
429 764
855 269
80 591
162 331
394 777
148 853
685 9
638 81
797 187
199 825
268 932
42 895
493 135
492 444
54 988
165 723
310 411
220 584
38 942
481 712
372 823
83 50
230 887
151 227
577 691
145 401
639 694
805 337
226 226
372 278
119 374
985 217
449 699
881 265
113 178
970 84
838 320
849 291
965 188
917 534
300 628
152 734
743 777
769 4
787 740
466 259
845 113
380 769
89 698
295 970
674 491
21 313
691 775
415 783
373 653
1 5
713 284
907 10
501 72
322 442
721 514
988 676
48 797
115 171
967 732
201 627
519 321
952 43
134 187
411 376
46 500
870 479
617 664
268 819
263 75
201 808
844 745
85 491
831 11
499 879
618 335
250 172
502 894
674 306
53 224
901 477
309 688
150 785
463 946
868 236
275 92
360 95
653 115
755 742
163 885
438 532
320 173
626 359
943 921
241 6
798 994
877 786
42 632
930 502
568 845
18 955
893 433
697 237
66 19
850 970
80 866
459 84
530 759
208 815
154 452
805 372
292 179
59 147
310 991
213 447
287 979
743 583
145 35
647 520
166 344
189 357
948 651
638 708
152 919
922 604
658 510
677 538
118 855
526 782
936 588
915 241
598 559
541 201
199 607
454 185
804 993
437 900
705 274
631 322
727 755
818 394
153 100
201 721
871 210
331 594
923 303
707 699
789 865
425 153
415 984
944 617
301 893
505 552
769 561
74 394
416 53
900 991
119 183
205 270
961 802
3 299
82 124
334 675
29 599
393 764
631 481
960 662
586 397
108 400
602 472
710 802
928 163
613 141
197 759
990 333
501 430
312 720
277 162
119 638
10 307
1000 728
201 38
71 406
54 432
706 744
416 205
957 830
329 381
609 995
560 27
761 343
360 920
30 303
880 755
279 124
493 420
799 265
573 369
24 725
86 261
988 104
264 967
867 751
85 881
451 849
959 911
355 559
565 672
927 413
95 69
612 460
869 89
146 465
206 278
836 211
546 152
146 568
326 836
615 911
747 450
527 378
840 449
264 909
496 75
887 729
859 264
956 838
418 816
229 673
907 824
838 61
511 738
313 506
569 759
72 803
783 841
654 988
67 939
719 416
157 440
298 418
210 667
854 958
4 144
971 802
607 731
79 532
198 319
658 959
241 272
512 190
392 327
863 710
329 134
773 732
537 604
5 976
890 7
737 383
65 410
155 303
791 801
902 801
907 949
749 526
796 281
388 151
41 470
632 217
368 808
797 700
476 160
810 159
14 456
325 773
503 495
704 189
337 203
491 231
174 910
733 192
953 930
842 558
937 403
688 2
402 399
710 750
845 934
333 453
498 355
953 164
121 961
527 5
939 744
392 580
219 160
754 343
579 381
699 427
412 79
25 900
621 766
208 102
239 419
80 855
258 276
143 334
565 794
114 483
541 25
264 810
873 639
218 21
913 269
801 801
804 787
322 380
50 474
607 860
509 199
732 296
478 374
294 136
44 140
431 230
507 889
730 302
887 391
989 988
827 858
717 470
892 360
963 930
969 976
729 296
906 229
92 869
500 881
896 32
194 699
231 827
823 374
804 422
554 508
453 23
877 454
110 62
601 236
31 606
861 789
75 604
755 50
783 490
784 866
699 371
445 572
835 604
507 827
88 581
29 347
225 628
854 89
378 44
136 68
547 224
664 786
858 812
39 275
732 535
845 318
859 275
328 720
282 676
659 954
502 382
586 538
97 509
414 956
342 258
163 760
28 622
438 296
143 231
72 244
857 478
342 869
523 29
808 37
763 710
202 214
969 5
944 554
461 818
682 4
199 787
655 199
134 280
246 874
375 414
922 515
458 712
810 356
221 938
673 654
823 593
189 140
4 308
760 594
777 720
942 513
369 883
247 697
689 789
949 975
378 939
998 639
223 191
742 545
886 314
816 103
658 858
322 850
493 779
224 118
386 313
659 658
817 346
199 498
291 767
813 314
67 800
726 508
144 484
394 361
541 602
716 91
512 90
320 720
770 25
44 976
593 64
268 995
462 479
76 296
814 157
563 943
89 435
821 500
638 796
803 514
84 988
918 881
810 198
377 399
545 779
147 422
712 91
627 215
361 521
602 768
318 138
531 813
114 36
121 205
962 90
820 825
880 588
567 748
747 236
246 870
124 645
82 722
641 800
684 398
992 210
158 923
424 822
770 27
16 726
49 666
146 620
446 965
638 132
94 871
914 903
130 973
122 622
860 881
264 76
728 892
661 109
787 754
634 362
811 955
339 75
55 387
401 348
343 56
84 68
239 383
576 325
76 340
954 485
409 826
595 569
921 771
624 658
281 212
740 175
774 253
217 219
802 396
881 408
232 262
300 281
643 261
621 140
231 989
720 680
927 231
387 561
755 383
847 493
402 724
133 581
683 376
506 224
954 752
300 529
21 676
142 703
251 867
643 518
613 848
186 895
591 776
907 857
342 497
180 748
245 840
874 257
106 993
61 212
297 289
794 393
625 519
620 382
405 407
880 717
844 302
193 183
261 257
561 38
396 706
938 203
20 865
96 516
670 11
612 142
732 100
70 391
343 151
451 181
961 900
749 807
864 882
532 908
424 367
971 144
93 504
862 861
208 49
415 875
559 98
788 103
775 758
775 127
645 649
777 70
719 514
903 393
633 509
956 265
919 542
340 659
778 567
18 790
442 154
783 952
251 698
439 875
787 148
296 290
644 454
174 628
416 256
896 2
63 436
581 458
12 321
762 926
733 793
219 526
133 998
932 311
552 958
547 437
51 140
721 478
964 364
90 65
480 905
310 975
482 905
950 469
216 800
780 705
652 393
621 168
754 413
777 36
596 959
39 53
938 153
1 388
59 203
718 535
188 880
314 65
97 943
279 862
386 549
388 267
711 918
886 865
421 113
772 917
578 269
375 4
440 598
302 865
783 514
537 401
91 953
857 912
71 718
801 800
240 593
893 669
957 572
241 585
250 632
323 126
854 89
674 863
556 154
456 121
116 363
241 572
748 566
917 821
779 529
842 723
170 188
162 642
749 475
171 518
423 974
443 87
676 125
180 62
315 718
265 25
79 609
216 419
637 154
661 212
882 203
254 688
881 356
596 370
65 444
13 652
782 847
973 524
944 241
39 919
68 88
677 305
784 745
529 420
539 547
390 786
37 648
895 538
886 676
784 688
190 44
870 339
681 141
63 1
581 275
950 894
750 783
892 956
344 843
787 709
33 257
690 314
670 229
271 555
915 402
731 291
242 199
122 715
473 602
37 63
859 753
84 202
686 566
316 834
458 978
822 751
385 838
696 175
453 567
784 801
103 980
699 564
654 210
336 685
66 150
793 893
211 638
2 184
513 938
852 235
150 928
956 619
384 43
42 124
285 766
599 501
466 511
962 859
543 525
285 13
165 380
889 881
953 829
72 108
388 119
957 180
667 982
738 575
397 992
956 701
201 394
854 692
796 195
341 857
467 26
568 245
463 491
516 65
911 31
945 300
699 756
129 881
351 261
708 534
630 873
308 288
604 443
919 254
905 448
427 202
800 786
80 59
369 506
447 704
546 672
621 66
765 458
299 903
325 840
513 917
926 651
355 852
587 574
871 830
656 614
772 155
871 302
870 306
243 516
631 900
238 144
568 501
565 617
357 875
881 207
940 889
142 827
52 218
54 976
267 178
697 611
873 962
875 752
545 552
145 449
468 272
57 23
397 937
251 243
870 696
287 413
332 952
415 658
622 918
402 745
617 924
976 321
792 919
869 18
287 540
163 648
870 545
194 998
264 878
451 412
917 894
384 198
837 979
725 3
953 672
71 190
243 76
820 755
401 303
802 66
492 319
613 167
417 763
958 336
550 266
543 435
396 99
515 36
39 190
496 309
347 911
536 525
832 509
641 262
523 859
234 918
736 40
777 198
507 656
944 631
707 715
750 207
575 358
362 201
136 991
655 531
197 385
694 591
662 156
457 10
378 467
734 378
810 689
668 339
877 217
869 520
124 976
808 173
759 73
984 293
428 318
471 652
796 461
652 6
127 867
661 272
512 164
494 932
445 871
605 756
480 815
190 364
295 809
58 880
784 169
903 752
30 875
613 636
580 981
906 281
497 16
792 203
944 355
316 797
229 424
160 953
258 328
118 806
477 269
344 780
517 937
743 663
272 401
322 852
787 416
376 592
805 164
299 254
128 730
847 542
733 518
11 111
813 522
497 230
730 852
257 81
201 660
851 172
345 41
830 612
486 379
765 377
25 260
228 452
114 14
89 127
987 860
420 933
477 335
733 922
133 27
234 977
543 123
417 422
678 365
546 924
453 171
830 684
231 357
861 266
435 606
220 651
770 560
290 392
306 402
35 872
360 782
669 573
399 752
728 590
776 671
135 758
827 896
391 874
975 828
854 738
103 746
113 943
420 317
489 802
210 101
120 669
260 367
857 64
48 951
269 453
848 189
555 154
964 383
708 612
131 472
10 381
169 957
947 689
645 919
654 591
710 967
416 875
61 200
845 905
921 586
462 213
171 948
606 124
495 325
388 206
827 837
585 474
601 101
60 540
759 381
76 746
719 271
25 991
929 104
983 887
339 269
816 732
85 911
499 234
883 5
302 703
64 998
472 454
16 708
832 295
139 920
215 253
488 419
873 95
202 615
268 818
899 526
151 281
577 582
400 605
803 278
532 547
679 407
591 124
467 395
5 47
822 249
291 898
76 405
161 372
908 135
987 740
491 574
576 240
332 463
150 743
620 367
328 364
148 963
546 671
720 985
950 604
354 407
850 619
236 707
590 203
831 653
808 709
316 523
394 118
47 426
234 935
49 467
846 720
736 504
795 636
743 30
829 931
952 159
272 819
366 769
80 172
915 204
396 298
117 699
972 491
676 54
780 524
865 150
473 954
923 623
426 153
133 530
510 174
248 312
619 702
986 320
358 573
952 798
941 85
420 124
886 131
996 883
178 689
920 312
718 385
237 457
23 506
302 915
612 488
881 508
174 472
471 118
826 177
715 217
374 734
451 557
764 836
158 780
617 136
160 260
749 835
102 845
56 8
783 221
377 395
154 860
647 257
764 701
133 467
614 457
378 383
198 690
690 908
464 48
364 660
832 893
238 38
43 256
495 507
837 178
246 662
958 943
285 811
830 375
138 762
517 18
349 253
278 695
371 917
954 962
976 467
468 621
963 576
483 675
954 282
558 421
947 52
944 684
88 469
430 300
430 290
830 948
930 794
999 88
413 405
710 831
276 57
188 518
768 554
440 660
288 797
626 149
460 530
918 491
509 585
193 531
805 2
210 584
100 680
647 849
990 203
758 275
857 180
636 196
953 904
535 685
901 116
68 714
27 47
29 476
626 817
887 553
586 64
699 522
556 619
91 807
363 62
857 618
38 879
486 485
10 477
3 82
594 934
376 669
527 103
162 451
903 585
694 684
940 26
676 693
4 756
129 546
397 378
248 597
410 730
972 496
123 948
28 189
499 736
460 411
666 408
796 941
116 700
209 735
154 50
397 70
822 742
916 574
858 991
618 4
132 318
804 761
175 593
674 596
469 192
661 162
866 629
499 446
48 197
769 798
294 505
203 848
70 31
63 711
245 444
913 495
781 758
730 53
148 532
53 717
551 27
314 258
116 321
886 458
225 271
9 99
401 255
276 591
525 152
345 396
946 3
769 974
957 667
709 795
78 690
245 132
631 643
747 917
305 285
394 137
934 881
697 273
769 122
223 718
245 446
463 875
497 20
688 847
458 667
396 921
691 754
430 645
533 799
91 759
9 512
837 514
344 55
19 301
325 320
623 280
621 384
425 527
197 786
21 395
216 903
868 942
41 795
874 782
701 421
679 382
114 136
541 205
343 312
444 867
739 927
98 201
443 809
315 660
334 308
889 162
831 158
521 387
474 764
460 199
908 530
765 250
189 895
110 566
351 164
781 188
954 707
541 352
699 497
251 394
629 393
767 773
193 535
361 461
203 512
970 127
374 539
869 836
608 74
353 71
900 964
567 872
467 791
588 72
904 938
142 321
925 237
586 668
698 510
432 687
923 617
611 884
140 72
707 378
486 781
98 65
813 936
9 930
423 222
537 943
337 940
322 124
42 77
671 641
67 780
310 742
345 654
785 400
72 482
478 137
480 965
180 837
758 390
65 142
694 446
889 661
241 930
7 517
463 395
510 465
257 452
333 987
461 692
216 422
895 673
729 9
484 531
555 660
22 232
377 301
468 623
591 586
725 573
53 954
797 355
245 73
322 360
488 438
786 334
956 453
158 954
343 652
106 534
138 550
4 575
179 985
582 48
854 980
484 644
533 66
734 801
690 706
583 190
119 235
135 745
560 913
443 926
412 693
639 729
221 439
151 258
476 675
598 725
377 564
714 360
730 866
379 103
753 860
229 110
485 155
18 782
927 535
414 623
97 962
417 794
354 764
309 994
753 39
947 670
45 199
188 283
548 137
794 733
614 402
190 158
535 239
749 170
506 747
639 528
180 569
585 2
373 260
7 549
260 473
252 872
982 551
737 918
305 269
890 297
331 833
417 358
767 760
47 707
111 7
319 346
565 867
579 241
839 487
70 67
216 91
586 85
230 291
733 495
355 379
533 327
667 21
259 84
786 693
961 198
112 499
935 964
924 307
575 491
418 866
832 727
155 623
230 886
424 266
366 271
726 741
902 58
238 539
702 856
479 541
976 605
491 855
388 64
977 607
674 277
453 33
587 487
824 507
435 363
165 396
762 104
391 317
621 399
727 779
711 230
584 626
267 497
623 391
627 641
536 308
732 860
511 410
477 550
309 557
609 114
343 368
386 340
549 134
811 89
221 491
640 142
300 972
657 316
736 639
540 970
190 948
164 673
711 74
144 280
958 450
930 115
836 803
923 319
432 995
20 867
170 828
536 837
336 392
117 12
721 72
324 742
40 406
37 193
96 444
721 53
748 661
42 929
768 367
937 44
4 57
870 426
248 136
531 292
195 986
238 296
25 588
657 459
870 476
443 82
624 89
125 283
384 708
890 830
805 868
869 251
516 486
349 419
556 493
457 283
846 857
464 595
213 206
114 456
412 694
53 113
397 442
616 781
440 151
818 11
598 466
396 1
108 353
421 488
562 823
626 858
194 576
762 695
289 882
725 728
572 603
712 985
711 710
380 191
684 735
481 391
99 867
545 472
147 591
472 899
127 50
228 422
712 941
491 600
74 950
21 555
639 902
14 79
817 424
212 283
370 595
911 157
37 711
314 176
624 876
263 449
700 687
283 738
136 563
630 387
23 162
135 297
422 725
312 925
774 811
531 166
76 460
649 713
544 167
966 700
914 720
346 654
150 815
98 72
980 995
110 776
861 220
737 695
916 748
149 54
476 867
812 217
785 751
27 896
765 852
607 203
553 906
395 676
985 504
658 838
846 761
596 906
681 892
574 824
376 943
108 503
894 562
163 518
269 775
854 192
662 62
907 209
108 318
784 181
889 638
943 621
393 757
156 661
468 8
220 313
386 838
104 515
589 893
541 122
337 1000
287 837
178 865
755 743
811 15
591 880
676 486
861 223
945 354
430 385
218 120
498 466
986 375
737 113
248 987
994 279
44 204
653 108
319 771
136 92
180 405
66 959
967 423
23 546
106 793
600 834
197 111
171 716
834 687
637 632
317 580
771 491
580 59
17 918
116 940
481 85
130 612
748 498
112 696
870 305
788 148
264 528
86 475
870 109
165 684
127 838
779 647
436 562
311 358
514 898
298 718
137 782
985 778
615 695
678 69
382 364
464 331
866 337
72 526
738 840
54 895
452 937
12 509
678 619
165 98
115 535
232 689
115 820
413 97
655 745
692 674
372 11
932 775
273 990
653 328
583 438
842 941
225 61
377 848
182 170
177 120
260 479
776 115
158 735
162 147
132 680
220 709
727 284
378 767
775 690
796 831
836 442
689 887
168 952
957 291
325 220
591 170
724 645
842 265
209 414
526 545
359 186
509 687
302 306
875 168
424 399
28 341
921 68
815 466
585 713
310 553
167 1
523 198
591 987
444 867
382 864
288 776
469 424
150 198
795 547
183 784
509 198
450 821
417 217
25 354
175 211
787 365
915 563
135 381
936 396
407 656
74 418
886 102
209 361
737 42
263 10
359 452
276 496
466 642
527 156
628 924
490 939
782 88
932 448
571 434
168 880
665 964
817 125
83 888
124 212
398 715
433 298
841 310
536 141
486 6
78 452
840 184
867 677
28 826
215 46
578 113
32 926
257 520
76 527
79 203
73 101
226 996
748 412
523 920
130 428
655 956
928 362
288 251
276 637
41 614
786 942
500 498
851 223
250 722
309 220
121 148
487 343
883 63
811 349
268 255
293 319
64 941
475 7
736 674
280 45
736 173
531 592
354 342
707 656
742 478
754 93
774 849
104 835
855 933
964 903
136 734
516 524
987 906
484 190
134 990
458 241
839 83
195 279
501 364
399 96
797 730
580 698
164 401
806 645
286 677
673 379
703 697
264 581
295 553
742 48
171 875
72 97
598 988
740 829
951 230
607 472
560 134
530 921
396 605
496 151
947 763
863 25
847 759
336 335
200 339
276 519
850 86
448 40
685 208
810 91
10 138
237 789
510 782
285 364
969 49
742 726
849 287
645 766
952 420
99 278
863 573
871 836
259 496
202 676
359 347
727 856
815 856
493 647
756 751
767 3
607 860
331 912
198 471
859 460
751 98
46 908
43 476
783 862
262 40
152 913
128 153
583 135
44 793
938 106
340 822
189 376
117 970
985 397
560 825
522 166
577 542
599 105
117 187
834 185
964 266
991 234
658 927
37 982
847 546
843 801
245 352
984 297
651 647
538 301
376 519
102 422
230 488
656 61
698 42
82 249
897 609
391 534
606 571
163 189
617 425
991 353
67 499
436 958
184 775
216 397
182 777
672 211
817 38
95 617
929 274
600 537
910 204
890 567
612 13
259 388
781 161
559 444
24 774
711 100
824 105
471 67
548 693
710 549
419 590
691 226
268 148
772 20
910 778
222 85
353 33
511 919
893 463
954 298
429 187
607 595
165 481
510 423
442 185
695 988
90 595
478 131
848 735
732 864
757 654
884 109
856 540
598 123
388 309
162 150
901 910
918 970
833 485
826 76
110 532
36 351
881 78
534 365
233 764
151 963
888 72
365 965
797 954
578 270
487 576
143 489
923 758
899 158
701 76
54 610
668 353
50 246
440 772
79 660
292 201
350 981
106 646
951 183
200 184
767 548
663 975
25 693
68 747
85 532
481 3
699 805
875 55
7 792
673 284
766 419
438 547
897 640
343 352
229 432
592 468
393 772
3 664
184 219
411 732
285 616
410 713
893 73
522 391
991 389
156 450
396 228
699 736
643 937
307 91
190 605
195 567
899 430
344 734
725 337
904 281
481 389
647 743
696 243
685 523
911 702
203 831
486 3
429 125
899 458
665 84
909 482
202 260
227 481
845 528
469 809
781 947
177 950
377 63
94 155
657 813
267 448
928 115
79 43
608 418
660 257
975 786
628 180
226 489
192 888
129 781
682 281
174 538
710 66
550 708
671 400
145 116
527 589
660 422
977 940
489 775
674 411
698 33
333 421
248 407
146 58
905 981
149 852
416 364
795 903
927 989
399 903
184 364
916 158
975 683
275 1
781 933
417 955